Date	Time	Accum.	Scatter	Current	Sample	Ref.	Temp.	Sheath	Diff.	Box	Purge	Pres.	Aux.	Flow	90.00	94.11	98.41	102.91	107.61	112.53	117.67	123.04	128.66	134.54	140.69	147.12	153.84	160.87	168.22	175.90	183.94	192.34	201.13	210.32	219.93	229.98	240.49	251.47	262.96	274.98	287.54	300.68	314.42	328.78	343.80	359.51	375.94	393.11	411.07	429.85	449.49	470.03	491.50	513.96	537.44	562.00	587.67	614.52	642.60	671.96	702.66	734.76	768.33	803.44	840.14	878.53	918.67	960.64	1004.53	1050.42	1098.41	1148.60	1201.08	1255.95	1313.33	1373.34	1436.08	1501.69	1570.30	1642.05	1717.07	1795.52	1877.56	1963.34	2053.04	2146.84	2244.92	2347.49	2454.74	2566.90	2684.17	2806.81	2935.05	3069.14	3209.37	3356.00	3509.33	3669.66	3837.32	4012.64	4195.97	4387.68	4588.14	4797.77	5016.97	5246.18	5485.87	5736.51	5998.60	6272.67	6559.26	6858.94	7172.31
-	-	Secs	Volts	Volts	sccm	Volts	Volts	sccm	Volts	K	sccm	kPa	Volts	sccm	94.11	98.41	102.91	107.61	112.53	117.67	123.04	128.66	134.54	140.69	147.12	153.84	160.87	168.22	175.90	183.94	192.34	201.13	210.32	219.93	229.98	240.49	251.47	262.96	274.98	287.54	300.68	314.42	328.78	343.80	359.51	375.94	393.11	411.07	429.85	449.49	470.03	491.50	513.96	537.44	562.00	587.67	614.52	642.60	671.96	702.66	734.76	768.33	803.44	840.14	878.53	918.67	960.64	1004.53	1050.42	1098.41	1148.60	1201.08	1255.95	1313.33	1373.34	1436.08	1501.69	1570.30	1642.05	1717.07	1795.52	1877.56	1963.34	2053.04	2146.84	2244.92	2347.49	2454.74	2566.90	2684.17	2806.81	2935.05	3069.14	3209.37	3356.00	3509.33	3669.66	3837.32	4012.64	4195.97	4387.68	4588.14	4797.77	5016.97	5246.18	5485.87	5736.51	5998.60	6272.67	6559.26	6858.94	7172.31	7500.00
4/17/2020	08:26:25.72  AM	60.00	0.365	4.088	9.937	2.144	4.088	676.204	4.088	296.750	0.000	98.323	0.000	0.000	2477	2726	2821	2769	2759	2732	2664	2817	2659	2636	2528	2573	2464	2386	2350	2304	2091	1988	1959	1857	1636	1641	1595	1456	1332	1265	1170	992	916	802	794	1131	650	566	377	256	258	223	208	177	157	133	130	143	127	131	113	66	52	33	36	32	32	21	10	9	4	9	8	3	4	10	2	1	6	10	2	0	0	0	0	0	0	0	0	0	0	0	0	0	0	0	0	0	0	0	0	0	0	0	0	0	0	0	0	0	0	0	0
4/17/2020	08:27:25.72  AM	60.00	0.420	4.095	9.949	2.139	4.095	675.400	4.095	297.215	0.000	98.486	0.000	0.000	3214	3596	3800	3911	3884	3926	3727	3693	3632	3672	3668	3518	3563	3392	3256	3127	3130	2820	2624	2508	2354	2267	2156	1979	1886	1657	1643	1390	1284	1179	1069	1613	931	783	565	357	354	288	268	278	180	191	188	204	210	172	136	95	72	56	41	45	49	43	20	12	12	8	8	6	6	6	5	3	1	10	1	0	0	0	0	0	0	0	0	0	0	0	0	0	0	0	0	0	0	0	0	0	0	0	0	0	0	0	0	0	0	0	0
4/17/2020	08:28:25.72  AM	60.00	0.443	4.095	9.957	2.142	4.095	675.364	4.095	297.253	0.000	98.487	0.000	0.000	3436	3819	4064	4264	4115	4100	4008	4044	3964	3840	3769	3827	3754	3639	3525	3429	3224	3084	2805	2713	2570	2397	2433	2256	1997	1877	1791	1566	1307	1089	1246	1631	911	881	594	356	349	317	321	232	198	208	157	200	221	177	124	100	72	57	44	43	56	43	23	20	12	13	8	8	11	5	8	2	6	6	5	1	0	0	0	0	0	0	0	0	0	0	0	0	0	0	0	0	0	0	0	0	0	0	0	0	0	0	0	0	0	0	0
4/17/2020	08:29:25.72  AM	60.00	0.447	4.095	9.953	2.180	4.095	677.556	4.095	297.278	0.000	98.488	0.000	0.000	3652	3925	4113	4418	4220	4251	4255	4211	4169	4069	3968	3990	3987	3851	3822	3624	3464	3355	3056	2868	2682	2641	2475	2385	2214	2020	1801	1718	1468	1317	1269	1842	1041	929	667	389	362	379	345	272	251	218	225	236	229	169	115	96	77	60	47	50	50	43	24	11	8	10	7	9	11	4	2	8	6	7	4	0	0	0	0	0	0	0	0	0	0	0	0	0	0	0	0	0	0	0	0	0	0	0	0	0	0	0	0	0	0	0	0
4/17/2020	08:30:25.72  AM	60.00	0.466	4.095	9.946	2.176	4.095	677.298	4.095	297.295	0.000	98.485	0.000	0.000	3757	4065	4217	4318	4510	4233	4283	4312	4344	4234	4187	4212	4046	3895	3818	3802	3538	3332	3125	2976	2763	2697	2567	2435	2229	2141	1972	1733	1501	1284	1310	1860	1026	973	652	414	446	368	332	285	251	220	227	244	208	206	153	105	88	76	56	59	52	50	13	23	11	11	10	10	11	7	4	5	8	10	7	0	1	0	0	0	0	0	0	0	0	0	0	0	0	0	0	0	0	0	0	0	0	0	0	0	0	0	0	0	0	0	0
4/17/2020	08:31:25.72  AM	60.00	0.472	4.095	9.950	2.177	4.095	680.157	4.095	297.300	0.000	98.484	0.000	0.000	3699	4117	4334	4513	4396	4474	4373	4322	4423	4319	4321	4150	4109	3976	4008	3855	3616	3453	3186	2996	2909	2897	2696	2436	2270	2184	1997	1814	1523	1424	1381	1872	1053	985	689	409	454	377	329	322	259	245	245	228	247	201	150	122	96	58	59	55	70	40	15	24	13	16	13	13	9	10	6	8	6	12	6	1	0	0	0	0	0	0	0	0	0	0	0	0	0	0	0	0	0	0	0	0	0	0	0	0	0	0	0	0	0	0	0
4/17/2020	08:32:25.72  AM	60.00	0.492	4.095	9.943	2.153	4.095	678.679	4.095	297.319	0.000	98.483	0.000	0.000	3622	4105	4290	4381	4386	4441	4509	4293	4429	4354	4241	4173	4116	3984	3915	3671	3799	3463	3135	3076	3049	2800	2636	2433	2341	2166	2069	1812	1649	1399	1360	1887	1059	998	683	413	409	374	355	293	242	218	222	227	216	220	126	99	76	59	47	68	55	54	25	9	7	9	4	7	11	5	4	7	4	7	5	0	1	0	0	0	0	0	0	0	0	0	0	0	0	0	0	0	0	0	0	0	0	0	0	0	0	0	0	0	0	0	0
4/17/2020	08:33:25.72  AM	60.00	0.477	4.095	9.944	2.179	4.095	678.199	4.095	297.354	0.000	98.484	0.000	0.000	3840	4038	4345	4381	4442	4440	4395	4408	4483	4419	4329	4254	4049	4102	4092	3831	3713	3435	3204	3071	2939	2707	2782	2466	2396	2201	2000	1833	1642	1441	1417	1876	1090	992	673	424	427	349	362	301	272	245	216	233	262	189	144	102	72	56	48	60	49	39	22	17	9	13	14	16	6	7	9	6	5	11	3	1	0	0	0	0	0	0	0	0	0	0	0	0	0	0	0	0	0	0	0	0	0	0	0	0	0	0	0	0	0	0	0
